top-1: 0.943599
top-5: 0.975267
