top-1: 
top-3: 0.965276
top-5: 0.969025
